Xoptfoil2 

 Calculated polar for: LLL05_mods:{'thickness': '15.0@40.0'}

 1 1 Reynolds number fixed          Mach number fixed

 xtrf =   1.000 (top)        1.000 (bottom)
 Mach =   0.000     Re =     0.400 e 6     Ncrit =   7.000

  alpha     CL        CD       CDp       Cm    Top Xtr Bot Xtr Top XBb Top XBe Bot XBb Bot XBe
 ------- -------- --------- --------- -------- ------- ------- ------- ------- ------- -------
 -11.400 -0.52350  0.026042  0.011904 -0.15815  0.9219  0.0318  0.8263  0.9285  0.0000  0.0000
 -11.100 -0.52561  0.025253  0.011545 -0.15274  0.9153  0.0321  0.8263  0.9285  0.0000  0.0000
 -10.800 -0.51445  0.024336  0.010930 -0.14980  0.9104  0.0326  0.8263  0.9285  0.0000  0.0000
 -10.500 -0.49505  0.023410  0.010230 -0.14830  0.9068  0.0333  0.8263  0.9285  0.0000  0.0000
 -10.200 -0.47231  0.022532  0.009533 -0.14727  0.9036  0.0339  0.8263  0.9285  0.0000  0.0000
  -9.900 -0.44699  0.021699  0.008835 -0.14661  0.9005  0.0344  0.7915  0.8951  0.0000  0.0000
  -9.600 -0.41885  0.020922  0.008132 -0.14644  0.8968  0.0348  0.7915  0.8951  0.0000  0.0000
  -9.300 -0.40538  0.020385  0.007736 -0.14306  0.8926  0.0351  0.7915  0.8951  0.0000  0.0000
  -9.000 -0.39510  0.019876  0.007403 -0.13890  0.8880  0.0353  0.7915  0.8951  0.0000  0.0000
  -8.700 -0.38553  0.018656  0.006564 -0.13493  0.8831  0.0364  0.7915  0.8951  0.0000  0.0000
  -8.400 -0.36696  0.017802  0.005986 -0.13251  0.8789  0.0377  0.7915  0.8951  0.0000  0.0000
  -8.100 -0.34278  0.017100  0.005494 -0.13107  0.8754  0.0388  0.7915  0.8951  0.0000  0.0000
  -7.800 -0.31511  0.016491  0.005062 -0.13026  0.8724  0.0400  0.7915  0.8951  0.0000  0.0000
  -7.500 -0.28534  0.015945  0.004664 -0.12981  0.8696  0.0414  0.7915  0.8951  0.0263  0.0466
  -7.200 -0.25345  0.015433  0.004272 -0.12974  0.8666  0.0429  0.7915  0.8609  0.0263  0.0466
  -6.900 -0.21964  0.015006  0.003907 -0.13008  0.8629  0.0447  0.7567  0.8609  0.0263  0.0466
  -6.600 -0.19717  0.014769  0.003716 -0.12800  0.8591  0.0460  0.7567  0.8609  0.0263  0.0466
  -6.300 -0.18250  0.014441  0.003520 -0.12426  0.8550  0.0485  0.7567  0.8609  0.0263  0.0466
  -6.000 -0.16331  0.014121  0.003363 -0.12146  0.8506  0.0531  0.7567  0.8609  0.0263  0.0466
  -5.700 -0.13791  0.013853  0.003217 -0.11990  0.8465  0.0589  0.7567  0.8609  0.0263  0.0613
  -5.400 -0.10895  0.013487  0.003017 -0.11907  0.8427  0.0681  0.7567  0.8609  0.0000  0.0000
  -5.100 -0.07560  0.013215  0.002875 -0.11911  0.8393  0.0772  0.7567  0.8609  0.0000  0.0000
  -4.800 -0.04207  0.012928  0.002684 -0.11917  0.8362  0.0844  0.7218  0.8609  0.0000  0.0000
  -4.500 -0.00821  0.012649  0.002538 -0.11938  0.8333  0.0928  0.7218  0.8263  0.0000  0.0000
  -4.200  0.02849  0.012484  0.002418 -0.12015  0.8301  0.0992  0.7218  0.8263  0.0795  0.1013
  -3.900  0.06207  0.012382  0.002316 -0.12033  0.8259  0.1069  0.7218  0.8263  0.0795  0.1013
  -3.600  0.07865  0.012227  0.002257 -0.11682  0.8222  0.1156  0.7218  0.8263  0.0795  0.1013
  -3.300  0.09821  0.012119  0.002187 -0.11391  0.8174  0.1234  0.7218  0.8263  0.0795  0.1268
  -3.000  0.12207  0.011980  0.002085 -0.11191  0.8129  0.1331  0.7218  0.8263  0.0795  0.1268
  -2.700  0.14959  0.011784  0.001993 -0.11073  0.8088  0.1489  0.7218  0.8263  0.1013  0.1268
  -2.400  0.18033  0.011575  0.001878 -0.11020  0.8052  0.1671  0.6869  0.8263  0.0000  0.0000
  -2.100  0.21286  0.011366  0.001761 -0.11003  0.8019  0.1872  0.6869  0.8263  0.0000  0.0000
  -1.800  0.24692  0.011113  0.001630 -0.11022  0.7986  0.2135  0.6869  0.7915  0.0000  0.0000
  -1.500  0.28419  0.010855  0.001515 -0.11112  0.7950  0.2497  0.6869  0.7915  0.0000  0.0000
  -1.200  0.31559  0.010659  0.001456 -0.11087  0.7907  0.3017  0.6869  0.7915  0.0000  0.0000
  -0.900  0.32782  0.010549  0.001394 -0.10646  0.7865  0.3457  0.6869  0.7915  0.0000  0.0000
  -0.600  0.33937  0.010208  0.001284 -0.10198  0.7813  0.4345  0.6869  0.7915  0.0000  0.0000
  -0.300  0.34853  0.009760  0.001186 -0.09688  0.7760  0.5730  0.6869  0.7915  0.0000  0.0000
   0.000  0.36756  0.009473  0.001104 -0.09364  0.7714  0.6632  0.6869  0.7915  0.0000  0.0000
   0.300  0.39501  0.009276  0.001029 -0.09215  0.7676  0.7245  0.6521  0.7567  0.0000  0.0000
   0.600  0.43219  0.009094  0.000992 -0.09273  0.7641  0.7746  0.6521  0.7567  0.0000  0.0000
   0.900  0.48078  0.008987  0.001094 -0.09574  0.7606  0.8294  0.6521  0.7567  0.0000  0.0000
   1.200  0.54944  0.009054  0.001341 -0.10308  0.7568  0.8990  0.6521  0.7567  0.0000  0.0000
   1.500  0.59803  0.009239  0.001464 -0.10629  0.7537  0.9292  0.6521  0.7567  0.0000  0.0000
   1.800  0.65698  0.009412  0.001555 -0.11181  0.7493  0.9400  0.6521  0.7567  0.8951  0.9285
   2.100  0.69586  0.009543  0.001523 -0.11286  0.7431  0.9547  0.6521  0.7567  0.8951  0.9594
   2.400  0.74731  0.009621  0.001444 -0.11650  0.7360  0.9653  0.6521  0.7218  0.0000  0.0000
   2.700  0.81412  0.009564  0.001195 -0.12326  0.7231  0.9719  0.6521  0.7218  0.0000  0.0000
   3.000  0.84505  0.009715  0.001108 -0.12275  0.7125  0.9833  0.6521  0.7218  0.0000  0.0000
   3.300  0.88722  0.009748  0.000962 -0.12464  0.6991  0.9902  0.6521  0.6869  0.0000  0.0000
   3.600  0.93868  0.009799  0.000855 -0.12858  0.6878  0.9945  0.6521  0.6869  0.0000  0.0000
   3.900  0.97690  0.009874  0.000848 -0.12989  0.6770  1.0000  0.0000  0.0000  0.0000  0.0000
   4.200  0.97295  0.009907  0.000674 -0.12218  0.6638  1.0000  0.0000  0.0000  0.0000  0.0000
